# oST version 5.0 parameters


[image]

width
3840

height
2160

[narrow_stereo]

camera matrix
2288.596562 0.000000 1919.442461
0.000000 2288.267567 1079.060057
0.000000 0.000000 1.000000

distortion
0.000096 -0.000379 -0.000024 0.000001 0.000000

rectification
1.000000 0.000000 0.000000
0.000000 1.000000 0.000000
0.000000 0.000000 1.000000

projection
2287.725586 0.000000 1918.948615 0.000000
0.000000 2287.214111 1078.523653 0.000000
0.000000 0.000000 1.000000 0.000000
