# oST version 5.0 parameters


[image]

width
1920

height
1440

[narrow_stereo]

camera matrix
1143.072833 0.000000 959.967467
0.000000 1143.126174 719.840299
0.000000 0.000000 1.000000

distortion
-0.000326 -0.000066 0.000014 0.000076 0.000000

rectification
1.000000 0.000000 0.000000
0.000000 1.000000 0.000000
0.000000 0.000000 1.000000

projection
1142.177124 0.000000 959.652258 -411.87004
0.000000 1142.190186 719.359845 0.000000
0.000000 0.000000 1.000000 0.000000
